1024 100 24
0 1086
1 1112
2 1062
3 1070
4 1096
5 1082
6 1071
7 1047
8 1054
9 1032
10 1121
11 1068
12 1062
13 1108
14 1032
15 1122
16 1047
17 1046
18 1096
19 1025
20 1054
21 1095
22 1045
23 1053
24 1069
25 1094
26 1079
27 1032
28 1024
29 1037
30 1037
31 1088
32 1046
33 1120
34 1065
35 1052
36 1059
37 1039
38 1059
39 1107
40 1073
41 1120
42 1082
43 1068
44 1042
45 1053
46 1100
47 1032
48 1113
49 1025
50 1039
51 1115
52 1103
53 1088
54 1049
55 1052
56 1079
57 1049
58 1078
59 1097
60 1074
61 1061
62 1031
63 1061
64 1031
65 1093
66 1083
67 1111
68 1071
69 1053
70 1062
71 1102
72 1108
73 1039
74 1086
75 1098
76 1103
77 1082
78 1059
79 1104
80 1061
81 1115
82 1034
83 1025
84 1081
85 1100
86 1048
87 1045
88 1042
89 1113
90 1087
91 1055
92 1084
93 1095
94 1048
95 1042
96 1055
97 1092
98 1101
99 1111
100 1092
101 1107
102 1087
103 1122
104 1102
105 1062
106 1066
107 1062
108 1065
109 1034
110 1044
111 1047
112 1089
113 1080
114 1059
115 1043
116 1111
117 1032
118 1063
119 1121
120 1025
121 1066
122 1058
123 1075
124 1046
125 1044
126 1066
127 1108
128 1052
129 1122
130 1043
131 1105
132 1068
133 1084
134 1093
135 1061
136 1034
137 1119
138 1100
139 1086
140 1119
141 1042
142 1026
143 1068
144 1062
145 1089
146 1084
147 1062
148 1086
149 1103
150 1087
151 1117
152 1063
153 1090
154 1073
155 1100
156 1078
157 1041
158 1110
159 1052
160 1064
161 1118
162 1115
163 1104
164 1036
165 1065
166 1111
167 1076
168 1031
169 1120
170 1065
171 1095
172 1080
173 1055
174 1038
175 1057
176 1025
177 1093
178 1082
179 1093
180 1061
181 1062
182 1069
183 1038
184 1088
185 1037
186 1042
187 1076
188 1049
189 1050
190 1048
191 1097
192 1086
193 1069
194 1027
195 1122
196 1044
197 1098
198 1036
199 1036
200 1048
201 1038
202 1043
203 1088
204 1121
205 1074
206 1120
207 1067
208 1092
209 1108
210 1077
211 1031
212 1084
213 1102
214 1072
215 1047
216 1027
217 1052
218 1079
219 1073
220 1065
221 1094
222 1095
223 1102
224 1030
225 1042
226 1031
227 1123
228 1043
229 1078
230 1055
231 1066
232 1110
233 1032
234 1080
235 1043
236 1112
237 1061
238 1037
239 1110
240 1091
241 1047
242 1029
243 1062
244 1121
245 1102
246 1071
247 1092
248 1035
249 1066
250 1108
251 1028
252 1070
253 1079
254 1121
255 1100
256 1069
257 1079
258 1081
259 1081
260 1093
261 1076
262 1110
263 1089
264 1094
265 1114
266 1075
267 1044
268 1099
269 1096
270 1071
271 1119
272 1089
273 1104
274 1112
275 1120
276 1087
277 1041
278 1052
279 1076
280 1115
281 1049
282 1053
283 1112
284 1059
285 1080
286 1084
287 1105
288 1050
289 1097
290 1115
291 1068
292 1084
293 1090
294 1051
295 1080
296 1117
297 1071
298 1079
299 1038
300 1042
301 1052
302 1059
303 1107
304 1111
305 1074
306 1116
307 1097
308 1057
309 1120
310 1089
311 1036
312 1057
313 1113
314 1028
315 1026
316 1102
317 1122
318 1110
319 1119
320 1085
321 1038
322 1039
323 1042
324 1080
325 1104
326 1072
327 1087
328 1074
329 1057
330 1063
331 1073
332 1059
333 1082
334 1037
335 1105
336 1060
337 1119
338 1036
339 1075
340 1087
341 1062
342 1082
343 1043
344 1058
345 1028
346 1117
347 1118
348 1024
349 1039
350 1093
351 1094
352 1089
353 1087
354 1121
355 1057
356 1071
357 1085
358 1091
359 1052
360 1036
361 1099
362 1052
363 1048
364 1028
365 1105
366 1106
367 1098
368 1071
369 1036
370 1116
371 1041
372 1075
373 1032
374 1102
375 1060
376 1075
377 1048
378 1079
379 1036
380 1111
381 1032
382 1119
383 1059
384 1083
385 1055
386 1074
387 1117
388 1048
389 1096
390 1056
391 1074
392 1068
393 1061
394 1071
395 1097
396 1028
397 1053
398 1035
399 1035
400 1100
401 1111
402 1108
403 1070
404 1024
405 1099
406 1088
407 1024
408 1065
409 1113
410 1031
411 1027
412 1064
413 1083
414 1122
415 1063
416 1116
417 1044
418 1113
419 1044
420 1089
421 1113
422 1056
423 1116
424 1054
425 1036
426 1121
427 1057
428 1115
429 1034
430 1112
431 1060
432 1034
433 1093
434 1070
435 1094
436 1080
437 1032
438 1042
439 1065
440 1087
441 1097
442 1076
443 1035
444 1073
445 1119
446 1096
447 1082
448 1036
449 1081
450 1043
451 1086
452 1100
453 1096
454 1113
455 1094
456 1094
457 1118
458 1071
459 1093
460 1073
461 1062
462 1053
463 1026
464 1114
465 1053
466 1085
467 1087
468 1069
469 1066
470 1107
471 1111
472 1121
473 1051
474 1097
475 1056
476 1058
477 1048
478 1046
479 1080
480 1058
481 1113
482 1091
483 1055
484 1058
485 1054
486 1103
487 1059
488 1117
489 1085
490 1039
491 1046
492 1091
493 1048
494 1109
495 1072
496 1119
497 1084
498 1113
499 1033
500 1118
501 1044
502 1083
503 1054
504 1104
505 1102
506 1033
507 1027
508 1050
509 1119
510 1096
511 1068
512 1037
513 1113
514 1083
515 1096
516 1048
517 1094
518 1094
519 1070
520 1116
521 1094
522 1115
523 1079
524 1052
525 1079
526 1033
527 1088
528 1110
529 1054
530 1026
531 1108
532 1074
533 1085
534 1059
535 1062
536 1082
537 1056
538 1081
539 1050
540 1120
541 1084
542 1047
543 1109
544 1024
545 1085
546 1072
547 1098
548 1047
549 1123
550 1057
551 1054
552 1042
553 1109
554 1087
555 1065
556 1108
557 1027
558 1048
559 1114
560 1034
561 1116
562 1067
563 1064
564 1083
565 1083
566 1044
567 1091
568 1116
569 1024
570 1104
571 1031
572 1121
573 1099
574 1089
575 1098
576 1061
577 1026
578 1112
579 1048
580 1106
581 1045
582 1073
583 1100
584 1090
585 1034
586 1083
587 1051
588 1025
589 1057
590 1037
591 1119
592 1071
593 1099
594 1102
595 1091
596 1109
597 1095
598 1064
599 1083
600 1042
601 1083
602 1032
603 1075
604 1029
605 1074
606 1089
607 1054
608 1106
609 1113
610 1078
611 1093
612 1040
613 1121
614 1098
615 1090
616 1027
617 1070
618 1040
619 1120
620 1053
621 1047
622 1053
623 1095
624 1071
625 1055
626 1057
627 1062
628 1047
629 1051
630 1098
631 1084
632 1109
633 1024
634 1025
635 1083
636 1111
637 1077
638 1038
639 1083
640 1112
641 1118
642 1083
643 1059
644 1051
645 1100
646 1036
647 1072
648 1031
649 1064
650 1114
651 1064
652 1040
653 1113
654 1108
655 1038
656 1036
657 1104
658 1098
659 1056
660 1067
661 1042
662 1045
663 1111
664 1071
665 1085
666 1114
667 1025
668 1080
669 1121
670 1085
671 1082
672 1085
673 1034
674 1026
675 1113
676 1109
677 1107
678 1081
679 1066
680 1059
681 1074
682 1036
683 1071
684 1122
685 1114
686 1093
687 1119
688 1116
689 1118
690 1058
691 1114
692 1059
693 1064
694 1042
695 1084
696 1093
697 1115
698 1098
699 1115
700 1066
701 1070
702 1059
703 1026
704 1091
705 1064
706 1028
707 1109
708 1038
709 1039
710 1077
711 1029
712 1025
713 1112
714 1093
715 1097
716 1106
717 1082
718 1038
719 1076
720 1082
721 1081
722 1118
723 1056
724 1060
725 1047
726 1033
727 1073
728 1076
729 1046
730 1077
731 1097
732 1055
733 1061
734 1091
735 1056
736 1025
737 1092
738 1034
739 1096
740 1036
741 1036
742 1066
743 1031
744 1034
745 1044
746 1059
747 1106
748 1039
749 1088
750 1088
751 1111
752 1072
753 1080
754 1065
755 1042
756 1029
757 1099
758 1116
759 1096
760 1098
761 1074
762 1056
763 1033
764 1063
765 1118
766 1089
767 1103
768 1055
769 1096
770 1073
771 1091
772 1043
773 1039
774 1118
775 1094
776 1052
777 1061
778 1072
779 1038
780 1089
781 1076
782 1120
783 1062
784 1119
785 1050
786 1060
787 1035
788 1051
789 1118
790 1035
791 1121
792 1031
793 1025
794 1049
795 1107
796 1086
797 1107
798 1035
799 1057
800 1085
801 1063
802 1045
803 1113
804 1109
805 1105
806 1084
807 1055
808 1067
809 1064
810 1104
811 1071
812 1116
813 1071
814 1104
815 1092
816 1057
817 1115
818 1042
819 1122
820 1034
821 1111
822 1037
823 1061
824 1110
825 1032
826 1079
827 1086
828 1028
829 1111
830 1110
831 1089
832 1111
833 1082
834 1067
835 1076
836 1061
837 1046
838 1098
839 1088
840 1121
841 1050
842 1070
843 1104
844 1062
845 1052
846 1062
847 1055
848 1035
849 1080
850 1085
851 1043
852 1062
853 1080
854 1121
855 1105
856 1051
857 1058
858 1088
859 1101
860 1082
861 1035
862 1087
863 1056
864 1104
865 1105
866 1081
867 1084
868 1065
869 1084
870 1080
871 1105
872 1106
873 1112
874 1091
875 1071
876 1102
877 1112
878 1098
879 1115
880 1042
881 1049
882 1122
883 1101
884 1108
885 1040
886 1028
887 1060
888 1037
889 1109
890 1085
891 1058
892 1065
893 1102
894 1056
895 1083
896 1072
897 1028
898 1123
899 1097
900 1117
901 1097
902 1088
903 1062
904 1105
905 1063
906 1029
907 1081
908 1099
909 1066
910 1051
911 1101
912 1120
913 1070
914 1049
915 1033
916 1042
917 1081
918 1060
919 1034
920 1109
921 1043
922 1073
923 1038
924 1081
925 1087
926 1075
927 1099
928 1038
929 1098
930 1027
931 1084
932 1052
933 1095
934 1094
935 1043
936 1061
937 1064
938 1056
939 1114
940 1061
941 1070
942 1120
943 1050
944 1037
945 1055
946 1057
947 1081
948 1042
949 1025
950 1103
951 1027
952 1117
953 1059
954 1117
955 1075
956 1097
957 1085
958 1043
959 1039
960 1055
961 1123
962 1067
963 1049
964 1081
965 1025
966 1060
967 1056
968 1063
969 1123
970 1080
971 1099
972 1068
973 1071
974 1079
975 1050
976 1117
977 1084
978 1093
979 1122
980 1086
981 1044
982 1089
983 1035
984 1054
985 1088
986 1035
987 1060
988 1091
989 1042
990 1086
991 1087
992 1071
993 1121
994 1039
995 1049
996 1057
997 1053
998 1098
999 1049
1000 1061
1001 1072
1002 1108
1003 1114
1004 1095
1005 1116
1006 1074
1007 1089
1008 1061
1009 1043
1010 1060
1011 1087
1012 1062
1013 1034
1014 1048
1015 1105
1016 1098
1017 1087
1018 1074
1019 1067
1020 1071
1021 1057
1022 1046
1023 1117
1024 1121
1024 1032
1024 1079
1024 1025
1024 1123
1024 1096
1024 1037
1024 1037
1024 1080
1024 1115
1024 1085
1024 1046
1024 1029
1024 1092
1024 1033
1024 1050
1024 1060
1025 1026
1025 1089
1025 1103
1025 1086
1025 1078
1025 1106
1025 1097
1025 1096
1025 1041
1025 1028
1026 1120
1026 1085
1026 1073
1026 1104
1026 1066
1026 1059
1026 1040
1026 1075
1026 1027
1026 1090
1026 1102
1026 1072
1026 1060
1026 1068
1026 1041
1026 1101
1027 1070
1027 1083
1027 1099
1027 1120
1027 1093
1027 1034
1027 1054
1027 1035
1027 1070
1027 1102
1027 1032
1027 1112
1027 1092
1027 1090
1027 1053
1028 1102
1028 1080
1028 1056
1028 1123
1028 1067
1028 1047
1028 1119
1028 1120
1028 1056
1028 1077
1028 1101
1028 1099
1028 1105
1028 1051
1029 1084
1029 1087
1029 1059
1029 1040
1029 1064
1029 1057
1029 1079
1029 1113
1029 1106
1029 1053
1029 1063
1029 1109
1029 1031
1029 1123
1029 1058
1029 1114
1029 1101
1029 1092
1030 1091
1030 1049
1030 1071
1030 1084
1030 1077
1030 1078
1030 1106
1030 1090
1030 1078
1030 1092
1030 1077
1030 1106
1030 1078
1030 1116
1030 1078
1030 1103
1030 1092
1030 1114
1030 1058
1030 1089
1030 1101
1030 1101
1030 1101
1031 1069
1031 1055
1031 1076
1031 1040
1031 1100
1031 1067
1031 1045
1031 1039
1031 1123
1031 1107
1031 1055
1031 1038
1031 1102
1032 1097
1032 1043
1032 1037
1032 1070
1032 1123
1032 1051
1032 1068
1032 1059
1032 1110
1032 1122
1032 1059
1033 1071
1033 1115
1033 1044
1033 1113
1033 1084
1033 1110
1033 1084
1033 1097
1033 1098
1033 1065
1033 1068
1033 1117
1033 1063
1033 1037
1033 1083
1033 1044
1033 1123
1034 1079
1034 1035
1034 1080
1034 1118
1034 1118
1034 1121
1034 1090
1034 1112
1034 1064
1034 1074
1035 1118
1035 1041
1035 1093
1035 1053
1035 1085
1035 1049
1035 1113
1035 1098
1035 1055
1035 1058
1035 1051
1036 1080
1036 1070
1036 1115
1036 1121
1036 1068
1036 1065
1036 1109
1036 1110
1036 1044
1037 1074
1037 1047
1037 1079
1037 1086
1037 1050
1037 1063
1037 1100
1037 1109
1037 1050
1037 1040
1038 1103
1038 1105
1038 1106
1038 1097
1038 1064
1038 1086
1038 1099
1038 1045
1038 1045
1038 1094
1038 1066
1039 1110
1039 1074
1039 1102
1039 1053
1039 1045
1039 1088
1039 1085
1039 1067
1039 1092
1039 1047
1039 1090
1039 1078
1040 1078
1040 1087
1040 1119
1040 1073
1040 1113
1040 1101
1040 1049
1040 1055
1040 1064
1040 1090
1040 1060
1040 1041
1040 1041
1040 1077
1040 1044
1040 1101
1041 1121
1041 1067
1041 1116
1041 1058
1041 1113
1041 1053
1041 1046
1041 1098
1041 1095
1041 1120
1041 1099
1041 1058
1041 1068
1041 1069
1041 1069
1041 1066
1042 1061
1042 1086
1042 1056
1042 1115
1042 1052
1043 1064
1043 1110
1043 1044
1043 1067
1043 1081
1043 1057
1043 1077
1043 1047
1043 1112
1043 1099
1044 1118
1044 1054
1044 1075
1044 1048
1044 1073
1044 1088
1044 1105
1044 1052
1044 1104
1045 1086
1045 1060
1045 1097
1045 1111
1045 1085
1045 1116
1045 1092
1045 1101
1045 1108
1045 1097
1045 1049
1045 1097
1045 1052
1045 1116
1045 1114
1046 1086
1046 1052
1046 1061
1046 1069
1046 1105
1046 1050
1046 1070
1046 1090
1046 1123
1046 1066
1046 1116
1046 1094
1047 1079
1047 1066
1047 1092
1047 1082
1047 1051
1047 1117
1047 1076
1047 1081
1047 1121
1047 1083
1048 1062
1048 1096
1048 1094
1048 1068
1048 1104
1048 1058
1048 1054
1048 1066
1048 1088
1048 1110
1049 1076
1049 1087
1049 1074
1049 1094
1049 1066
1049 1077
1049 1072
1049 1090
1050 1116
1050 1078
1050 1054
1050 1051
1050 1052
1050 1051
1050 1104
1050 1102
1050 1104
1050 1099
1050 1058
1050 1078
1051 1077
1051 1092
1051 1096
1051 1068
1051 1067
1051 1107
1051 1052
1051 1066
1051 1060
1051 1102
1052 1086
1052 1095
1052 1123
1052 1117
1052 1066
1053 1078
1053 1076
1053 1098
1053 1117
1053 1086
1053 1058
1053 1116
1053 1090
1053 1103
1054 1078
1054 1067
1054 1095
1054 1118
1054 1063
1054 1106
1054 1056
1054 1090
1054 1068
1054 1062
1054 1083
1055 1095
1055 1075
1055 1072
1055 1117
1055 1108
1055 1069
1055 1095
1056 1078
1056 1103
1056 1084
1056 1102
1056 1100
1056 1102
1056 1105
1056 1103
1057 1088
1057 1064
1057 1072
1057 1089
1057 1091
1057 1115
1057 1120
1057 1091
1058 1083
1058 1115
1058 1100
1058 1066
1058 1080
1058 1108
1058 1119
1058 1069
1059 1081
1059 1107
1059 1088
1059 1083
1060 1083
1060 1100
1060 1093
1060 1065
1060 1109
1060 1117
1060 1107
1060 1090
1060 1069
1061 1113
1061 1090
1061 1105
1061 1103
1061 1089
1061 1081
1062 1096
1062 1102
1062 1068
1063 1100
1063 1119
1063 1070
1063 1107
1063 1103
1063 1077
1063 1114
1063 1083
1063 1092
1063 1077
1063 1099
1063 1123
1064 1123
1064 1106
1064 1112
1064 1094
1064 1093
1064 1085
1064 1123
1064 1118
1065 1080
1065 1109
1065 1122
1065 1110
1065 1082
1065 1089
1065 1072
1065 1109
1065 1110
1065 1076
1066 1111
1066 1108
1066 1091
1066 1068
1067 1112
1067 1089
1067 1105
1067 1095
1067 1122
1067 1119
1067 1110
1067 1098
1067 1112
1067 1122
1068 1090
1068 1078
1068 1116
1068 1088
1068 1069
1068 1103
1069 1071
1069 1122
1069 1079
1069 1117
1069 1091
1069 1097
1069 1123
1069 1119
1069 1105
1069 1114
1069 1077
1070 1100
1070 1113
1070 1101
1070 1087
1070 1088
1070 1089
1070 1074
1070 1109
1071 1081
1071 1100
1072 1115
1072 1099
1072 1100
1072 1101
1072 1093
1072 1086
1072 1108
1072 1075
1072 1092
1072 1111
1073 1115
1073 1122
1073 1117
1073 1122
1073 1117
1073 1119
1073 1074
1073 1122
1073 1074
1073 1119
1073 1090
1074 1076
1074 1087
1074 1093
1074 1114
1074 1104
1075 1107
1075 1093
1075 1112
1075 1106
1075 1114
1075 1109
1075 1119
1075 1094
1075 1092
1075 1123
1075 1097
1075 1108
1076 1120
1076 1099
1076 1098
1076 1077
1076 1093
1076 1104
1076 1082
1076 1092
1076 1096
1077 1107
1077 1109
1077 1122
1077 1098
1077 1092
1077 1106
1077 1100
1077 1104
1077 1116
1078 1122
1078 1115
1078 1107
1078 1089
1078 1097
1078 1104
1078 1101
1079 1117
1079 1120
1079 1114
1079 1088
1079 1090
1079 1107
1079 1095
1080 1087
1080 1094
1080 1118
1080 1094
1081 1122
1081 1116
1081 1121
1081 1108
1081 1086
1081 1086
1082 1115
1082 1107
1082 1105
1082 1090
1082 1087
1082 1083
1082 1094
1082 1109
1083 1110
1084 1103
1084 1098
1084 1091
1084 1095
1085 1107
1085 1115
1085 1103
1085 1086
1085 1108
1086 1103
1086 1093
1087 1101
1087 1095
1088 1108
1088 1101
1088 1106
1088 1100
1089 1106
1089 1118
1090 1110
1090 1107
1090 1113
1090 1105
1091 1095
1091 1104
1091 1099
1091 1101
1091 1092
1091 1108
1091 1116
1092 1120
1092 1109
1092 1102
1093 1121
1093 1103
1094 1112
1094 1097
1094 1123
1095 1106
1095 1114
1095 1114
1095 1120
1095 1104
1095 1118
1096 1121
1096 1112
1096 1097
1096 1116
1096 1112
1096 1119
1096 1099
1098 1107
1099 1101
1099 1109
1099 1117
1099 1114
1100 1115
1100 1121
1100 1104
1100 1118
1101 1122
1101 1122
1101 1110
1101 1114
1102 1107
1102 1104
1103 1112
1103 1117
1103 1110
1103 1112
1103 1113
1105 1118
1105 1106
1105 1106
1105 1107
1106 1120
1106 1120
1106 1111
1106 1123
1107 1118
1107 1114
1108 1111
1108 1114
1108 1118
1109 1119
1109 1123
1110 1112
1110 1122
1110 1113
1111 1118
1111 1123
1111 1117
1111 1114
1111 1115
1112 1120
1116 1123
1117 1119
1120 1123
